solid STL generated by MeshLab
  facet normal 3.568221e-001 9.341723e-001 0.000000e+000
    outer loop
      vertex  3.996070e-001 9.129825e-001 8.232358e-002
      vertex  3.996070e-001 9.129825e-001 -8.232358e-002
      vertex  2.664047e-001 9.638613e-001 0.000000e+000
    endloop
  endfacet
  facet normal -3.568221e-001 9.341723e-001 0.000000e+000
    outer loop
      vertex  -3.996070e-001 9.129825e-001 -8.232358e-002
      vertex  -3.996070e-001 9.129825e-001 8.232358e-002
      vertex  -2.664047e-001 9.638613e-001 0.000000e+000
    endloop
  endfacet
  facet normal 3.568221e-001 -9.341723e-001 0.000000e+000
    outer loop
      vertex  3.996070e-001 -9.129825e-001 -8.232358e-002
      vertex  3.996070e-001 -9.129825e-001 8.232358e-002
      vertex  2.664047e-001 -9.638613e-001 0.000000e+000
    endloop
  endfacet
  facet normal -3.568221e-001 -9.341723e-001 -0.000000e+000
    outer loop
      vertex  -3.996070e-001 -9.129825e-001 8.232358e-002
      vertex  -3.996070e-001 -9.129825e-001 -8.232358e-002
      vertex  -2.664047e-001 -9.638613e-001 0.000000e+000
    endloop
  endfacet
  facet normal 9.341723e-001 0.000000e+000 -3.568221e-001
    outer loop
      vertex  9.129825e-001 -8.232358e-002 -3.996070e-001
      vertex  9.129825e-001 8.232358e-002 -3.996070e-001
      vertex  9.638613e-001 0.000000e+000 -2.664047e-001
    endloop
  endfacet
  facet normal 9.341723e-001 0.000000e+000 3.568221e-001
    outer loop
      vertex  9.129825e-001 8.232358e-002 3.996070e-001
      vertex  9.129825e-001 -8.232358e-002 3.996070e-001
      vertex  9.638613e-001 0.000000e+000 2.664047e-001
    endloop
  endfacet
  facet normal -9.341723e-001 0.000000e+000 3.568221e-001
    outer loop
      vertex  -9.129825e-001 -8.232358e-002 3.996070e-001
      vertex  -9.129825e-001 8.232358e-002 3.996070e-001
      vertex  -9.638613e-001 0.000000e+000 2.664047e-001
    endloop
  endfacet
  facet normal -9.341723e-001 -0.000000e+000 -3.568221e-001
    outer loop
      vertex  -9.129825e-001 8.232358e-002 -3.996070e-001
      vertex  -9.129825e-001 -8.232358e-002 -3.996070e-001
      vertex  -9.638613e-001 0.000000e+000 -2.664047e-001
    endloop
  endfacet
  facet normal 0.000000e+000 -3.568221e-001 9.341723e-001
    outer loop
      vertex  -8.232358e-002 -3.996070e-001 9.129825e-001
      vertex  8.232358e-002 -3.996070e-001 9.129825e-001
      vertex  0.000000e+000 -2.664047e-001 9.638613e-001
    endloop
  endfacet
  facet normal 0.000000e+000 3.568221e-001 9.341723e-001
    outer loop
      vertex  8.232358e-002 3.996070e-001 9.129825e-001
      vertex  -8.232358e-002 3.996070e-001 9.129825e-001
      vertex  0.000000e+000 2.664047e-001 9.638613e-001
    endloop
  endfacet
  facet normal 0.000000e+000 3.568221e-001 -9.341723e-001
    outer loop
      vertex  -8.232358e-002 3.996070e-001 -9.129825e-001
      vertex  8.232358e-002 3.996070e-001 -9.129825e-001
      vertex  0.000000e+000 2.664047e-001 -9.638613e-001
    endloop
  endfacet
  facet normal -0.000000e+000 -3.568221e-001 -9.341723e-001
    outer loop
      vertex  8.232358e-002 -3.996070e-001 -9.129825e-001
      vertex  -8.232358e-002 -3.996070e-001 -9.129825e-001
      vertex  0.000000e+000 -2.664047e-001 -9.638613e-001
    endloop
  endfacet
  facet normal 5.773503e-001 5.773503e-001 5.773503e-001
    outer loop
      vertex  6.465778e-001 5.133755e-001 5.642542e-001
      vertex  5.642542e-001 6.465778e-001 5.133755e-001
      vertex  5.133755e-001 5.642542e-001 6.465778e-001
    endloop
  endfacet
  facet normal -5.773503e-001 5.773503e-001 5.773503e-001
    outer loop
      vertex  -6.465778e-001 5.133755e-001 5.642542e-001
      vertex  -5.133755e-001 5.642542e-001 6.465778e-001
      vertex  -5.642542e-001 6.465778e-001 5.133755e-001
    endloop
  endfacet
  facet normal 5.773503e-001 5.773503e-001 -5.773503e-001
    outer loop
      vertex  6.465778e-001 5.133755e-001 -5.642542e-001
      vertex  5.133755e-001 5.642542e-001 -6.465778e-001
      vertex  5.642542e-001 6.465778e-001 -5.133755e-001
    endloop
  endfacet
  facet normal -5.773503e-001 5.773503e-001 -5.773503e-001
    outer loop
      vertex  -6.465778e-001 5.133755e-001 -5.642542e-001
      vertex  -5.642542e-001 6.465778e-001 -5.133755e-001
      vertex  -5.133755e-001 5.642542e-001 -6.465778e-001
    endloop
  endfacet
  facet normal 5.773503e-001 -5.773503e-001 5.773503e-001
    outer loop
      vertex  6.465778e-001 -5.133755e-001 5.642542e-001
      vertex  5.133755e-001 -5.642542e-001 6.465778e-001
      vertex  5.642542e-001 -6.465778e-001 5.133755e-001
    endloop
  endfacet
  facet normal -5.773503e-001 -5.773503e-001 5.773503e-001
    outer loop
      vertex  -6.465778e-001 -5.133755e-001 5.642542e-001
      vertex  -5.642542e-001 -6.465778e-001 5.133755e-001
      vertex  -5.133755e-001 -5.642542e-001 6.465778e-001
    endloop
  endfacet
  facet normal 5.773503e-001 -5.773503e-001 -5.773503e-001
    outer loop
      vertex  6.465778e-001 -5.133755e-001 -5.642542e-001
      vertex  5.642542e-001 -6.465778e-001 -5.133755e-001
      vertex  5.133755e-001 -5.642542e-001 -6.465778e-001
    endloop
  endfacet
  facet normal -5.773503e-001 -5.773503e-001 -5.773503e-001
    outer loop
      vertex  -6.465778e-001 -5.133755e-001 -5.642542e-001
      vertex  -5.133755e-001 -5.642542e-001 -6.465778e-001
      vertex  -5.642542e-001 -6.465778e-001 -5.133755e-001
    endloop
  endfacet
  facet normal 1.811512e-001 9.403266e-001 -2.880452e-001
    outer loop
      vertex  1.327925e-001 9.663926e-001 -2.201170e-001
      vertex  2.640828e-001 9.162441e-001 -3.012589e-001
      vertex  1.316554e-001 9.243046e-001 -3.582288e-001
    endloop
  endfacet
  facet normal 1.811512e-001 9.403266e-001 2.880452e-001
    outer loop
      vertex  1.316554e-001 9.243046e-001 3.582288e-001
      vertex  2.640828e-001 9.162441e-001 3.012589e-001
      vertex  1.327925e-001 9.663926e-001 2.201170e-001
    endloop
  endfacet
  facet normal 6.472181e-001 7.623049e-001 0.000000e+000
    outer loop
      vertex  6.202396e-001 7.802044e-001 8.114186e-002
      vertex  7.112817e-001 7.029070e-001 0.000000e+000
      vertex  6.202396e-001 7.802044e-001 -8.114186e-002
    endloop
  endfacet
  facet normal -1.811512e-001 9.403266e-001 2.880452e-001
    outer loop
      vertex  -1.327925e-001 9.663926e-001 2.201170e-001
      vertex  -2.640828e-001 9.162441e-001 3.012589e-001
      vertex  -1.316554e-001 9.243046e-001 3.582288e-001
    endloop
  endfacet
  facet normal -1.811512e-001 9.403266e-001 -2.880452e-001
    outer loop
      vertex  -1.316554e-001 9.243046e-001 -3.582288e-001
      vertex  -2.640828e-001 9.162441e-001 -3.012589e-001
      vertex  -1.327925e-001 9.663926e-001 -2.201170e-001
    endloop
  endfacet
  facet normal -6.472181e-001 7.623049e-001 0.000000e+000
    outer loop
      vertex  -6.202396e-001 7.802044e-001 -8.114186e-002
      vertex  -7.112817e-001 7.029070e-001 0.000000e+000
      vertex  -6.202396e-001 7.802044e-001 8.114186e-002
    endloop
  endfacet
  facet normal 1.811512e-001 -9.403266e-001 2.880452e-001
    outer loop
      vertex  1.327925e-001 -9.663926e-001 2.201170e-001
      vertex  2.640828e-001 -9.162441e-001 3.012589e-001
      vertex  1.316554e-001 -9.243046e-001 3.582288e-001
    endloop
  endfacet
  facet normal 1.811512e-001 -9.403266e-001 -2.880452e-001
    outer loop
      vertex  1.316554e-001 -9.243046e-001 -3.582288e-001
      vertex  2.640828e-001 -9.162441e-001 -3.012589e-001
      vertex  1.327925e-001 -9.663926e-001 -2.201170e-001
    endloop
  endfacet
  facet normal 6.472181e-001 -7.623049e-001 0.000000e+000
    outer loop
      vertex  6.202396e-001 -7.802044e-001 -8.114186e-002
      vertex  7.112817e-001 -7.029070e-001 0.000000e+000
      vertex  6.202396e-001 -7.802044e-001 8.114186e-002
    endloop
  endfacet
  facet normal -1.811512e-001 -9.403266e-001 -2.880452e-001
    outer loop
      vertex  -1.327925e-001 -9.663926e-001 -2.201170e-001
      vertex  -2.640828e-001 -9.162441e-001 -3.012589e-001
      vertex  -1.316554e-001 -9.243046e-001 -3.582288e-001
    endloop
  endfacet
  facet normal -1.811512e-001 -9.403266e-001 2.880452e-001
    outer loop
      vertex  -1.316554e-001 -9.243046e-001 3.582288e-001
      vertex  -2.640828e-001 -9.162441e-001 3.012589e-001
      vertex  -1.327925e-001 -9.663926e-001 2.201170e-001
    endloop
  endfacet
  facet normal -6.472181e-001 -7.623049e-001 -0.000000e+000
    outer loop
      vertex  -6.202396e-001 -7.802044e-001 8.114186e-002
      vertex  -7.112817e-001 -7.029070e-001 0.000000e+000
      vertex  -6.202396e-001 -7.802044e-001 -8.114186e-002
    endloop
  endfacet
  facet normal 9.403266e-001 2.880452e-001 -1.811512e-001
    outer loop
      vertex  9.663926e-001 2.201170e-001 -1.327925e-001
      vertex  9.162441e-001 3.012589e-001 -2.640828e-001
      vertex  9.243046e-001 3.582288e-001 -1.316554e-001
    endloop
  endfacet
  facet normal 9.403266e-001 -2.880452e-001 -1.811512e-001
    outer loop
      vertex  9.243046e-001 -3.582288e-001 -1.316554e-001
      vertex  9.162441e-001 -3.012589e-001 -2.640828e-001
      vertex  9.663926e-001 -2.201170e-001 -1.327925e-001
    endloop
  endfacet
  facet normal 7.623049e-001 0.000000e+000 -6.472181e-001
    outer loop
      vertex  7.802044e-001 -8.114186e-002 -6.202396e-001
      vertex  7.029070e-001 0.000000e+000 -7.112817e-001
      vertex  7.802044e-001 8.114186e-002 -6.202396e-001
    endloop
  endfacet
  facet normal 9.403266e-001 -2.880452e-001 1.811512e-001
    outer loop
      vertex  9.663926e-001 -2.201170e-001 1.327925e-001
      vertex  9.162441e-001 -3.012589e-001 2.640828e-001
      vertex  9.243046e-001 -3.582288e-001 1.316554e-001
    endloop
  endfacet
  facet normal 9.403266e-001 2.880452e-001 1.811512e-001
    outer loop
      vertex  9.243046e-001 3.582288e-001 1.316554e-001
      vertex  9.162441e-001 3.012589e-001 2.640828e-001
      vertex  9.663926e-001 2.201170e-001 1.327925e-001
    endloop
  endfacet
  facet normal 7.623049e-001 0.000000e+000 6.472181e-001
    outer loop
      vertex  7.802044e-001 8.114186e-002 6.202396e-001
      vertex  7.029070e-001 0.000000e+000 7.112817e-001
      vertex  7.802044e-001 -8.114186e-002 6.202396e-001
    endloop
  endfacet
  facet normal -9.403266e-001 2.880452e-001 1.811512e-001
    outer loop
      vertex  -9.663926e-001 2.201170e-001 1.327925e-001
      vertex  -9.162441e-001 3.012589e-001 2.640828e-001
      vertex  -9.243046e-001 3.582288e-001 1.316554e-001
    endloop
  endfacet
  facet normal -9.403266e-001 -2.880452e-001 1.811512e-001
    outer loop
      vertex  -9.243046e-001 -3.582288e-001 1.316554e-001
      vertex  -9.162441e-001 -3.012589e-001 2.640828e-001
      vertex  -9.663926e-001 -2.201170e-001 1.327925e-001
    endloop
  endfacet
  facet normal -7.623049e-001 0.000000e+000 6.472181e-001
    outer loop
      vertex  -7.802044e-001 -8.114186e-002 6.202396e-001
      vertex  -7.029070e-001 0.000000e+000 7.112817e-001
      vertex  -7.802044e-001 8.114186e-002 6.202396e-001
    endloop
  endfacet
  facet normal -9.403266e-001 -2.880452e-001 -1.811512e-001
    outer loop
      vertex  -9.663926e-001 -2.201170e-001 -1.327925e-001
      vertex  -9.162441e-001 -3.012589e-001 -2.640828e-001
      vertex  -9.243046e-001 -3.582288e-001 -1.316554e-001
    endloop
  endfacet
  facet normal -9.403266e-001 2.880452e-001 -1.811512e-001
    outer loop
      vertex  -9.243046e-001 3.582288e-001 -1.316554e-001
      vertex  -9.162441e-001 3.012589e-001 -2.640828e-001
      vertex  -9.663926e-001 2.201170e-001 -1.327925e-001
    endloop
  endfacet
  facet normal -7.623049e-001 -0.000000e+000 -6.472181e-001
    outer loop
      vertex  -7.802044e-001 8.114186e-002 -6.202396e-001
      vertex  -7.029070e-001 0.000000e+000 -7.112817e-001
      vertex  -7.802044e-001 -8.114186e-002 -6.202396e-001
    endloop
  endfacet
  facet normal 2.880452e-001 -1.811512e-001 9.403266e-001
    outer loop
      vertex  2.201170e-001 -1.327925e-001 9.663926e-001
      vertex  3.012589e-001 -2.640828e-001 9.162441e-001
      vertex  3.582288e-001 -1.316554e-001 9.243046e-001
    endloop
  endfacet
  facet normal -2.880452e-001 -1.811512e-001 9.403266e-001
    outer loop
      vertex  -3.582288e-001 -1.316554e-001 9.243046e-001
      vertex  -3.012589e-001 -2.640828e-001 9.162441e-001
      vertex  -2.201170e-001 -1.327925e-001 9.663926e-001
    endloop
  endfacet
  facet normal 0.000000e+000 -6.472181e-001 7.623049e-001
    outer loop
      vertex  -8.114186e-002 -6.202396e-001 7.802044e-001
      vertex  0.000000e+000 -7.112817e-001 7.029070e-001
      vertex  8.114186e-002 -6.202396e-001 7.802044e-001
    endloop
  endfacet
  facet normal -2.880452e-001 1.811512e-001 9.403266e-001
    outer loop
      vertex  -2.201170e-001 1.327925e-001 9.663926e-001
      vertex  -3.012589e-001 2.640828e-001 9.162441e-001
      vertex  -3.582288e-001 1.316554e-001 9.243046e-001
    endloop
  endfacet
  facet normal 2.880452e-001 1.811512e-001 9.403266e-001
    outer loop
      vertex  3.582288e-001 1.316554e-001 9.243046e-001
      vertex  3.012589e-001 2.640828e-001 9.162441e-001
      vertex  2.201170e-001 1.327925e-001 9.663926e-001
    endloop
  endfacet
  facet normal 0.000000e+000 6.472181e-001 7.623049e-001
    outer loop
      vertex  8.114186e-002 6.202396e-001 7.802044e-001
      vertex  0.000000e+000 7.112817e-001 7.029070e-001
      vertex  -8.114186e-002 6.202396e-001 7.802044e-001
    endloop
  endfacet
  facet normal 2.880452e-001 1.811512e-001 -9.403266e-001
    outer loop
      vertex  2.201170e-001 1.327925e-001 -9.663926e-001
      vertex  3.012589e-001 2.640828e-001 -9.162441e-001
      vertex  3.582288e-001 1.316554e-001 -9.243046e-001
    endloop
  endfacet
  facet normal -2.880452e-001 1.811512e-001 -9.403266e-001
    outer loop
      vertex  -3.582288e-001 1.316554e-001 -9.243046e-001
      vertex  -3.012589e-001 2.640828e-001 -9.162441e-001
      vertex  -2.201170e-001 1.327925e-001 -9.663926e-001
    endloop
  endfacet
  facet normal 0.000000e+000 6.472181e-001 -7.623049e-001
    outer loop
      vertex  -8.114186e-002 6.202396e-001 -7.802044e-001
      vertex  0.000000e+000 7.112817e-001 -7.029070e-001
      vertex  8.114186e-002 6.202396e-001 -7.802044e-001
    endloop
  endfacet
  facet normal -2.880452e-001 -1.811512e-001 -9.403266e-001
    outer loop
      vertex  -2.201170e-001 -1.327925e-001 -9.663926e-001
      vertex  -3.012589e-001 -2.640828e-001 -9.162441e-001
      vertex  -3.582288e-001 -1.316554e-001 -9.243046e-001
    endloop
  endfacet
  facet normal 2.880452e-001 -1.811512e-001 -9.403266e-001
    outer loop
      vertex  3.582288e-001 -1.316554e-001 -9.243046e-001
      vertex  3.012589e-001 -2.640828e-001 -9.162441e-001
      vertex  2.201170e-001 -1.327925e-001 -9.663926e-001
    endloop
  endfacet
  facet normal -0.000000e+000 -6.472181e-001 -7.623049e-001
    outer loop
      vertex  8.114186e-002 -6.202396e-001 -7.802044e-001
      vertex  0.000000e+000 -7.112817e-001 -7.029070e-001
      vertex  -8.114186e-002 -6.202396e-001 -7.802044e-001
    endloop
  endfacet
  facet normal 2.931086e-001 7.591756e-001 5.811538e-001
    outer loop
      vertex  2.960046e-001 7.023098e-001 6.474119e-001
      vertex  3.461531e-001 7.834517e-001 5.161216e-001
      vertex  2.130229e-001 7.926492e-001 5.712517e-001
    endloop
  endfacet
  facet normal 5.811538e-001 2.931086e-001 7.591756e-001
    outer loop
      vertex  5.712517e-001 2.130229e-001 7.926492e-001
      vertex  6.474119e-001 2.960046e-001 7.023098e-001
      vertex  5.161216e-001 3.461531e-001 7.834517e-001
    endloop
  endfacet
  facet normal 7.591756e-001 5.811538e-001 2.931086e-001
    outer loop
      vertex  7.834517e-001 5.161216e-001 3.461531e-001
      vertex  7.926492e-001 5.712517e-001 2.130229e-001
      vertex  7.023098e-001 6.474119e-001 2.960046e-001
    endloop
  endfacet
  facet normal -2.931086e-001 7.591756e-001 5.811538e-001
    outer loop
      vertex  -3.461531e-001 7.834517e-001 5.161216e-001
      vertex  -2.960046e-001 7.023098e-001 6.474119e-001
      vertex  -2.130229e-001 7.926492e-001 5.712517e-001
    endloop
  endfacet
  facet normal -7.591756e-001 5.811538e-001 2.931086e-001
    outer loop
      vertex  -7.926492e-001 5.712517e-001 2.130229e-001
      vertex  -7.834517e-001 5.161216e-001 3.461531e-001
      vertex  -7.023098e-001 6.474119e-001 2.960046e-001
    endloop
  endfacet
  facet normal -5.811538e-001 2.931086e-001 7.591756e-001
    outer loop
      vertex  -6.474119e-001 2.960046e-001 7.023098e-001
      vertex  -5.712517e-001 2.130229e-001 7.926492e-001
      vertex  -5.161216e-001 3.461531e-001 7.834517e-001
    endloop
  endfacet
  facet normal 2.931086e-001 7.591756e-001 -5.811538e-001
    outer loop
      vertex  3.461531e-001 7.834517e-001 -5.161216e-001
      vertex  2.960046e-001 7.023098e-001 -6.474119e-001
      vertex  2.130229e-001 7.926492e-001 -5.712517e-001
    endloop
  endfacet
  facet normal 7.591756e-001 5.811538e-001 -2.931086e-001
    outer loop
      vertex  7.926492e-001 5.712517e-001 -2.130229e-001
      vertex  7.834517e-001 5.161216e-001 -3.461531e-001
      vertex  7.023098e-001 6.474119e-001 -2.960046e-001
    endloop
  endfacet
  facet normal 5.811538e-001 2.931086e-001 -7.591756e-001
    outer loop
      vertex  6.474119e-001 2.960046e-001 -7.023098e-001
      vertex  5.712517e-001 2.130229e-001 -7.926492e-001
      vertex  5.161216e-001 3.461531e-001 -7.834517e-001
    endloop
  endfacet
  facet normal -2.931086e-001 7.591756e-001 -5.811538e-001
    outer loop
      vertex  -2.960046e-001 7.023098e-001 -6.474119e-001
      vertex  -3.461531e-001 7.834517e-001 -5.161216e-001
      vertex  -2.130229e-001 7.926492e-001 -5.712517e-001
    endloop
  endfacet
  facet normal -5.811538e-001 2.931086e-001 -7.591756e-001
    outer loop
      vertex  -5.712517e-001 2.130229e-001 -7.926492e-001
      vertex  -6.474119e-001 2.960046e-001 -7.023098e-001
      vertex  -5.161216e-001 3.461531e-001 -7.834517e-001
    endloop
  endfacet
  facet normal -7.591756e-001 5.811538e-001 -2.931086e-001
    outer loop
      vertex  -7.834517e-001 5.161216e-001 -3.461531e-001
      vertex  -7.926492e-001 5.712517e-001 -2.130229e-001
      vertex  -7.023098e-001 6.474119e-001 -2.960046e-001
    endloop
  endfacet
  facet normal 2.931086e-001 -7.591756e-001 5.811538e-001
    outer loop
      vertex  3.461531e-001 -7.834517e-001 5.161216e-001
      vertex  2.960046e-001 -7.023098e-001 6.474119e-001
      vertex  2.130229e-001 -7.926492e-001 5.712517e-001
    endloop
  endfacet
  facet normal 7.591756e-001 -5.811538e-001 2.931086e-001
    outer loop
      vertex  7.926492e-001 -5.712517e-001 2.130229e-001
      vertex  7.834517e-001 -5.161216e-001 3.461531e-001
      vertex  7.023098e-001 -6.474119e-001 2.960046e-001
    endloop
  endfacet
  facet normal 5.811538e-001 -2.931086e-001 7.591756e-001
    outer loop
      vertex  6.474119e-001 -2.960046e-001 7.023098e-001
      vertex  5.712517e-001 -2.130229e-001 7.926492e-001
      vertex  5.161216e-001 -3.461531e-001 7.834517e-001
    endloop
  endfacet
  facet normal -2.931086e-001 -7.591756e-001 5.811538e-001
    outer loop
      vertex  -2.960046e-001 -7.023098e-001 6.474119e-001
      vertex  -3.461531e-001 -7.834517e-001 5.161216e-001
      vertex  -2.130229e-001 -7.926492e-001 5.712517e-001
    endloop
  endfacet
  facet normal -5.811538e-001 -2.931086e-001 7.591756e-001
    outer loop
      vertex  -5.712517e-001 -2.130229e-001 7.926492e-001
      vertex  -6.474119e-001 -2.960046e-001 7.023098e-001
      vertex  -5.161216e-001 -3.461531e-001 7.834517e-001
    endloop
  endfacet
  facet normal -7.591756e-001 -5.811538e-001 2.931086e-001
    outer loop
      vertex  -7.834517e-001 -5.161216e-001 3.461531e-001
      vertex  -7.926492e-001 -5.712517e-001 2.130229e-001
      vertex  -7.023098e-001 -6.474119e-001 2.960046e-001
    endloop
  endfacet
  facet normal 2.931086e-001 -7.591756e-001 -5.811538e-001
    outer loop
      vertex  2.960046e-001 -7.023098e-001 -6.474119e-001
      vertex  3.461531e-001 -7.834517e-001 -5.161216e-001
      vertex  2.130229e-001 -7.926492e-001 -5.712517e-001
    endloop
  endfacet
  facet normal 5.811538e-001 -2.931086e-001 -7.591756e-001
    outer loop
      vertex  5.712517e-001 -2.130229e-001 -7.926492e-001
      vertex  6.474119e-001 -2.960046e-001 -7.023098e-001
      vertex  5.161216e-001 -3.461531e-001 -7.834517e-001
    endloop
  endfacet
  facet normal 7.591756e-001 -5.811538e-001 -2.931086e-001
    outer loop
      vertex  7.834517e-001 -5.161216e-001 -3.461531e-001
      vertex  7.926492e-001 -5.712517e-001 -2.130229e-001
      vertex  7.023098e-001 -6.474119e-001 -2.960046e-001
    endloop
  endfacet
  facet normal -2.931086e-001 -7.591756e-001 -5.811538e-001
    outer loop
      vertex  -3.461531e-001 -7.834517e-001 -5.161216e-001
      vertex  -2.960046e-001 -7.023098e-001 -6.474119e-001
      vertex  -2.130229e-001 -7.926492e-001 -5.712517e-001
    endloop
  endfacet
  facet normal -7.591756e-001 -5.811538e-001 -2.931086e-001
    outer loop
      vertex  -7.926492e-001 -5.712517e-001 -2.130229e-001
      vertex  -7.834517e-001 -5.161216e-001 -3.461531e-001
      vertex  -7.023098e-001 -6.474119e-001 -2.960046e-001
    endloop
  endfacet
  facet normal -5.811538e-001 -2.931086e-001 -7.591756e-001
    outer loop
      vertex  -6.474119e-001 -2.960046e-001 -7.023098e-001
      vertex  -5.712517e-001 -2.130229e-001 -7.926492e-001
      vertex  -5.161216e-001 -3.461531e-001 -7.834517e-001
    endloop
  endfacet
  facet normal 1.759159e-001 9.844052e-001 0.000000e+000
    outer loop
      vertex  1.330711e-001 9.876884e-001 8.224247e-002
      vertex  2.664047e-001 9.638613e-001 0.000000e+000
      vertex  1.330711e-001 9.876884e-001 -8.224247e-002
    endloop
  endfacet
  facet normal 4.378416e-001 8.843585e-001 1.618791e-001
    outer loop
      vertex  3.861874e-001 8.910065e-001 2.386769e-001
      vertex  5.192585e-001 8.401779e-001 1.564345e-001
      vertex  3.996070e-001 9.129825e-001 8.232358e-002
    endloop
  endfacet
  facet normal 4.378416e-001 8.843585e-001 -1.618791e-001
    outer loop
      vertex  3.996070e-001 9.129825e-001 -8.232358e-002
      vertex  5.192585e-001 8.401779e-001 -1.564345e-001
      vertex  3.861874e-001 8.910065e-001 -2.386769e-001
    endloop
  endfacet
  facet normal -1.759159e-001 9.844052e-001 0.000000e+000
    outer loop
      vertex  -1.330711e-001 9.876884e-001 -8.224247e-002
      vertex  -2.664047e-001 9.638613e-001 0.000000e+000
      vertex  -1.330711e-001 9.876884e-001 8.224247e-002
    endloop
  endfacet
  facet normal -4.378416e-001 8.843585e-001 -1.618791e-001
    outer loop
      vertex  -3.861874e-001 8.910065e-001 -2.386769e-001
      vertex  -5.192585e-001 8.401779e-001 -1.564345e-001
      vertex  -3.996070e-001 9.129825e-001 -8.232358e-002
    endloop
  endfacet
  facet normal -4.378416e-001 8.843585e-001 1.618791e-001
    outer loop
      vertex  -3.996070e-001 9.129825e-001 8.232358e-002
      vertex  -5.192585e-001 8.401779e-001 1.564345e-001
      vertex  -3.861874e-001 8.910065e-001 2.386769e-001
    endloop
  endfacet
  facet normal 1.759159e-001 -9.844052e-001 0.000000e+000
    outer loop
      vertex  1.330711e-001 -9.876884e-001 -8.224247e-002
      vertex  2.664047e-001 -9.638613e-001 0.000000e+000
      vertex  1.330711e-001 -9.876884e-001 8.224247e-002
    endloop
  endfacet
  facet normal 4.378416e-001 -8.843585e-001 -1.618791e-001
    outer loop
      vertex  3.861874e-001 -8.910065e-001 -2.386769e-001
      vertex  5.192585e-001 -8.401779e-001 -1.564345e-001
      vertex  3.996070e-001 -9.129825e-001 -8.232358e-002
    endloop
  endfacet
  facet normal 4.378416e-001 -8.843585e-001 1.618791e-001
    outer loop
      vertex  3.996070e-001 -9.129825e-001 8.232358e-002
      vertex  5.192585e-001 -8.401779e-001 1.564345e-001
      vertex  3.861874e-001 -8.910065e-001 2.386769e-001
    endloop
  endfacet
  facet normal -1.759159e-001 -9.844052e-001 -0.000000e+000
    outer loop
      vertex  -1.330711e-001 -9.876884e-001 8.224247e-002
      vertex  -2.664047e-001 -9.638613e-001 0.000000e+000
      vertex  -1.330711e-001 -9.876884e-001 -8.224247e-002
    endloop
  endfacet
  facet normal -4.378416e-001 -8.843585e-001 1.618791e-001
    outer loop
      vertex  -3.861874e-001 -8.910065e-001 2.386769e-001
      vertex  -5.192585e-001 -8.401779e-001 1.564345e-001
      vertex  -3.996070e-001 -9.129825e-001 8.232358e-002
    endloop
  endfacet
  facet normal -4.378416e-001 -8.843585e-001 -1.618791e-001
    outer loop
      vertex  -3.996070e-001 -9.129825e-001 -8.232358e-002
      vertex  -5.192585e-001 -8.401779e-001 -1.564345e-001
      vertex  -3.861874e-001 -8.910065e-001 -2.386769e-001
    endloop
  endfacet
  facet normal 9.844052e-001 0.000000e+000 -1.759159e-001
    outer loop
      vertex  9.876884e-001 -8.224247e-002 -1.330711e-001
      vertex  9.638613e-001 0.000000e+000 -2.664047e-001
      vertex  9.876884e-001 8.224247e-002 -1.330711e-001
    endloop
  endfacet
  facet normal 8.843585e-001 -1.618791e-001 -4.378416e-001
    outer loop
      vertex  8.910065e-001 -2.386769e-001 -3.861874e-001
      vertex  8.401779e-001 -1.564345e-001 -5.192585e-001
      vertex  9.129825e-001 -8.232358e-002 -3.996070e-001
    endloop
  endfacet
  facet normal 8.843585e-001 1.618791e-001 -4.378416e-001
    outer loop
      vertex  9.129825e-001 8.232358e-002 -3.996070e-001
      vertex  8.401779e-001 1.564345e-001 -5.192585e-001
      vertex  8.910065e-001 2.386769e-001 -3.861874e-001
    endloop
  endfacet
  facet normal 9.844052e-001 0.000000e+000 1.759159e-001
    outer loop
      vertex  9.876884e-001 8.224247e-002 1.330711e-001
      vertex  9.638613e-001 0.000000e+000 2.664047e-001
      vertex  9.876884e-001 -8.224247e-002 1.330711e-001
    endloop
  endfacet
  facet normal 8.843585e-001 1.618791e-001 4.378416e-001
    outer loop
      vertex  8.910065e-001 2.386769e-001 3.861874e-001
      vertex  8.401779e-001 1.564345e-001 5.192585e-001
      vertex  9.129825e-001 8.232358e-002 3.996070e-001
    endloop
  endfacet
  facet normal 8.843585e-001 -1.618791e-001 4.378416e-001
    outer loop
      vertex  9.129825e-001 -8.232358e-002 3.996070e-001
      vertex  8.401779e-001 -1.564345e-001 5.192585e-001
      vertex  8.910065e-001 -2.386769e-001 3.861874e-001
    endloop
  endfacet
  facet normal -9.844052e-001 0.000000e+000 1.759159e-001
    outer loop
      vertex  -9.876884e-001 -8.224247e-002 1.330711e-001
      vertex  -9.638613e-001 0.000000e+000 2.664047e-001
      vertex  -9.876884e-001 8.224247e-002 1.330711e-001
    endloop
  endfacet
  facet normal -8.843585e-001 -1.618791e-001 4.378416e-001
    outer loop
      vertex  -8.910065e-001 -2.386769e-001 3.861874e-001
      vertex  -8.401779e-001 -1.564345e-001 5.192585e-001
      vertex  -9.129825e-001 -8.232358e-002 3.996070e-001
    endloop
  endfacet
  facet normal -8.843585e-001 1.618791e-001 4.378416e-001
    outer loop
      vertex  -9.129825e-001 8.232358e-002 3.996070e-001
      vertex  -8.401779e-001 1.564345e-001 5.192585e-001
      vertex  -8.910065e-001 2.386769e-001 3.861874e-001
    endloop
  endfacet
  facet normal -9.844052e-001 -0.000000e+000 -1.759159e-001
    outer loop
      vertex  -9.876884e-001 8.224247e-002 -1.330711e-001
      vertex  -9.638613e-001 0.000000e+000 -2.664047e-001
      vertex  -9.876884e-001 -8.224247e-002 -1.330711e-001
    endloop
  endfacet
  facet normal -8.843585e-001 1.618791e-001 -4.378416e-001
    outer loop
      vertex  -8.910065e-001 2.386769e-001 -3.861874e-001
      vertex  -8.401779e-001 1.564345e-001 -5.192585e-001
      vertex  -9.129825e-001 8.232358e-002 -3.996070e-001
    endloop
  endfacet
  facet normal -8.843585e-001 -1.618791e-001 -4.378416e-001
    outer loop
      vertex  -9.129825e-001 -8.232358e-002 -3.996070e-001
      vertex  -8.401779e-001 -1.564345e-001 -5.192585e-001
      vertex  -8.910065e-001 -2.386769e-001 -3.861874e-001
    endloop
  endfacet
  facet normal 0.000000e+000 -1.759159e-001 9.844052e-001
    outer loop
      vertex  -8.224247e-002 -1.330711e-001 9.876884e-001
      vertex  0.000000e+000 -2.664047e-001 9.638613e-001
      vertex  8.224247e-002 -1.330711e-001 9.876884e-001
    endloop
  endfacet
  facet normal -1.618791e-001 -4.378416e-001 8.843585e-001
    outer loop
      vertex  -2.386769e-001 -3.861874e-001 8.910065e-001
      vertex  -1.564345e-001 -5.192585e-001 8.401779e-001
      vertex  -8.232358e-002 -3.996070e-001 9.129825e-001
    endloop
  endfacet
  facet normal 1.618791e-001 -4.378416e-001 8.843585e-001
    outer loop
      vertex  8.232358e-002 -3.996070e-001 9.129825e-001
      vertex  1.564345e-001 -5.192585e-001 8.401779e-001
      vertex  2.386769e-001 -3.861874e-001 8.910065e-001
    endloop
  endfacet
  facet normal 0.000000e+000 1.759159e-001 9.844052e-001
    outer loop
      vertex  8.224247e-002 1.330711e-001 9.876884e-001
      vertex  0.000000e+000 2.664047e-001 9.638613e-001
      vertex  -8.224247e-002 1.330711e-001 9.876884e-001
    endloop
  endfacet
  facet normal 1.618791e-001 4.378416e-001 8.843585e-001
    outer loop
      vertex  2.386769e-001 3.861874e-001 8.910065e-001
      vertex  1.564345e-001 5.192585e-001 8.401779e-001
      vertex  8.232358e-002 3.996070e-001 9.129825e-001
    endloop
  endfacet
  facet normal -1.618791e-001 4.378416e-001 8.843585e-001
    outer loop
      vertex  -8.232358e-002 3.996070e-001 9.129825e-001
      vertex  -1.564345e-001 5.192585e-001 8.401779e-001
      vertex  -2.386769e-001 3.861874e-001 8.910065e-001
    endloop
  endfacet
  facet normal 0.000000e+000 1.759159e-001 -9.844052e-001
    outer loop
      vertex  -8.224247e-002 1.330711e-001 -9.876884e-001
      vertex  0.000000e+000 2.664047e-001 -9.638613e-001
      vertex  8.224247e-002 1.330711e-001 -9.876884e-001
    endloop
  endfacet
  facet normal -1.618791e-001 4.378416e-001 -8.843585e-001
    outer loop
      vertex  -2.386769e-001 3.861874e-001 -8.910065e-001
      vertex  -1.564345e-001 5.192585e-001 -8.401779e-001
      vertex  -8.232358e-002 3.996070e-001 -9.129825e-001
    endloop
  endfacet
  facet normal 1.618791e-001 4.378416e-001 -8.843585e-001
    outer loop
      vertex  8.232358e-002 3.996070e-001 -9.129825e-001
      vertex  1.564345e-001 5.192585e-001 -8.401779e-001
      vertex  2.386769e-001 3.861874e-001 -8.910065e-001
    endloop
  endfacet
  facet normal -0.000000e+000 -1.759159e-001 -9.844052e-001
    outer loop
      vertex  8.224247e-002 -1.330711e-001 -9.876884e-001
      vertex  0.000000e+000 -2.664047e-001 -9.638613e-001
      vertex  -8.224247e-002 -1.330711e-001 -9.876884e-001
    endloop
  endfacet
  facet normal 1.618791e-001 -4.378416e-001 -8.843585e-001
    outer loop
      vertex  2.386769e-001 -3.861874e-001 -8.910065e-001
      vertex  1.564345e-001 -5.192585e-001 -8.401779e-001
      vertex  8.232358e-002 -3.996070e-001 -9.129825e-001
    endloop
  endfacet
  facet normal -1.618791e-001 -4.378416e-001 -8.843585e-001
    outer loop
      vertex  -8.232358e-002 -3.996070e-001 -9.129825e-001
      vertex  -1.564345e-001 -5.192585e-001 -8.401779e-001
      vertex  -2.386769e-001 -3.861874e-001 -8.910065e-001
    endloop
  endfacet
  facet normal 4.465168e-001 5.465637e-001 7.084426e-001
    outer loop
      vertex  4.539905e-001 4.684299e-001 7.579354e-001
      vertex  5.133755e-001 5.642542e-001 6.465778e-001
      vertex  3.717481e-001 6.015009e-001 7.071068e-001
    endloop
  endfacet
  facet normal 7.084426e-001 4.465168e-001 5.465637e-001
    outer loop
      vertex  7.071068e-001 3.717481e-001 6.015009e-001
      vertex  7.579354e-001 4.539905e-001 4.684299e-001
      vertex  6.465778e-001 5.133755e-001 5.642542e-001
    endloop
  endfacet
  facet normal 5.465637e-001 7.084426e-001 4.465168e-001
    outer loop
      vertex  5.642542e-001 6.465778e-001 5.133755e-001
      vertex  6.015009e-001 7.071068e-001 3.717481e-001
      vertex  4.684299e-001 7.579354e-001 4.539905e-001
    endloop
  endfacet
  facet normal -5.465637e-001 7.084426e-001 4.465168e-001
    outer loop
      vertex  -6.015009e-001 7.071068e-001 3.717481e-001
      vertex  -5.642542e-001 6.465778e-001 5.133755e-001
      vertex  -4.684299e-001 7.579354e-001 4.539905e-001
    endloop
  endfacet
  facet normal -7.084426e-001 4.465168e-001 5.465637e-001
    outer loop
      vertex  -7.579354e-001 4.539905e-001 4.684299e-001
      vertex  -7.071068e-001 3.717481e-001 6.015009e-001
      vertex  -6.465778e-001 5.133755e-001 5.642542e-001
    endloop
  endfacet
  facet normal -4.465168e-001 5.465637e-001 7.084426e-001
    outer loop
      vertex  -5.133755e-001 5.642542e-001 6.465778e-001
      vertex  -4.539905e-001 4.684299e-001 7.579354e-001
      vertex  -3.717481e-001 6.015009e-001 7.071068e-001
    endloop
  endfacet
  facet normal 5.465637e-001 7.084426e-001 -4.465168e-001
    outer loop
      vertex  6.015009e-001 7.071068e-001 -3.717481e-001
      vertex  5.642542e-001 6.465778e-001 -5.133755e-001
      vertex  4.684299e-001 7.579354e-001 -4.539905e-001
    endloop
  endfacet
  facet normal 7.084426e-001 4.465168e-001 -5.465637e-001
    outer loop
      vertex  7.579354e-001 4.539905e-001 -4.684299e-001
      vertex  7.071068e-001 3.717481e-001 -6.015009e-001
      vertex  6.465778e-001 5.133755e-001 -5.642542e-001
    endloop
  endfacet
  facet normal 4.465168e-001 5.465637e-001 -7.084426e-001
    outer loop
      vertex  5.133755e-001 5.642542e-001 -6.465778e-001
      vertex  4.539905e-001 4.684299e-001 -7.579354e-001
      vertex  3.717481e-001 6.015009e-001 -7.071068e-001
    endloop
  endfacet
  facet normal -4.465168e-001 5.465637e-001 -7.084426e-001
    outer loop
      vertex  -4.539905e-001 4.684299e-001 -7.579354e-001
      vertex  -5.133755e-001 5.642542e-001 -6.465778e-001
      vertex  -3.717481e-001 6.015009e-001 -7.071068e-001
    endloop
  endfacet
  facet normal -7.084426e-001 4.465168e-001 -5.465637e-001
    outer loop
      vertex  -7.071068e-001 3.717481e-001 -6.015009e-001
      vertex  -7.579354e-001 4.539905e-001 -4.684299e-001
      vertex  -6.465778e-001 5.133755e-001 -5.642542e-001
    endloop
  endfacet
  facet normal -5.465637e-001 7.084426e-001 -4.465168e-001
    outer loop
      vertex  -5.642542e-001 6.465778e-001 -5.133755e-001
      vertex  -6.015009e-001 7.071068e-001 -3.717481e-001
      vertex  -4.684299e-001 7.579354e-001 -4.539905e-001
    endloop
  endfacet
  facet normal 5.465637e-001 -7.084426e-001 4.465168e-001
    outer loop
      vertex  6.015009e-001 -7.071068e-001 3.717481e-001
      vertex  5.642542e-001 -6.465778e-001 5.133755e-001
      vertex  4.684299e-001 -7.579354e-001 4.539905e-001
    endloop
  endfacet
  facet normal 7.084426e-001 -4.465168e-001 5.465637e-001
    outer loop
      vertex  7.579354e-001 -4.539905e-001 4.684299e-001
      vertex  7.071068e-001 -3.717481e-001 6.015009e-001
      vertex  6.465778e-001 -5.133755e-001 5.642542e-001
    endloop
  endfacet
  facet normal 4.465168e-001 -5.465637e-001 7.084426e-001
    outer loop
      vertex  5.133755e-001 -5.642542e-001 6.465778e-001
      vertex  4.539905e-001 -4.684299e-001 7.579354e-001
      vertex  3.717481e-001 -6.015009e-001 7.071068e-001
    endloop
  endfacet
  facet normal -4.465168e-001 -5.465637e-001 7.084426e-001
    outer loop
      vertex  -4.539905e-001 -4.684299e-001 7.579354e-001
      vertex  -5.133755e-001 -5.642542e-001 6.465778e-001
      vertex  -3.717481e-001 -6.015009e-001 7.071068e-001
    endloop
  endfacet
  facet normal -7.084426e-001 -4.465168e-001 5.465637e-001
    outer loop
      vertex  -7.071068e-001 -3.717481e-001 6.015009e-001
      vertex  -7.579354e-001 -4.539905e-001 4.684299e-001
      vertex  -6.465778e-001 -5.133755e-001 5.642542e-001
    endloop
  endfacet
  facet normal -5.465637e-001 -7.084426e-001 4.465168e-001
    outer loop
      vertex  -5.642542e-001 -6.465778e-001 5.133755e-001
      vertex  -6.015009e-001 -7.071068e-001 3.717481e-001
      vertex  -4.684299e-001 -7.579354e-001 4.539905e-001
    endloop
  endfacet
  facet normal 4.465168e-001 -5.465637e-001 -7.084426e-001
    outer loop
      vertex  4.539905e-001 -4.684299e-001 -7.579354e-001
      vertex  5.133755e-001 -5.642542e-001 -6.465778e-001
      vertex  3.717481e-001 -6.015009e-001 -7.071068e-001
    endloop
  endfacet
  facet normal 7.084426e-001 -4.465168e-001 -5.465637e-001
    outer loop
      vertex  7.071068e-001 -3.717481e-001 -6.015009e-001
      vertex  7.579354e-001 -4.539905e-001 -4.684299e-001
      vertex  6.465778e-001 -5.133755e-001 -5.642542e-001
    endloop
  endfacet
  facet normal 5.465637e-001 -7.084426e-001 -4.465168e-001
    outer loop
      vertex  5.642542e-001 -6.465778e-001 -5.133755e-001
      vertex  6.015009e-001 -7.071068e-001 -3.717481e-001
      vertex  4.684299e-001 -7.579354e-001 -4.539905e-001
    endloop
  endfacet
  facet normal -5.465637e-001 -7.084426e-001 -4.465168e-001
    outer loop
      vertex  -6.015009e-001 -7.071068e-001 -3.717481e-001
      vertex  -5.642542e-001 -6.465778e-001 -5.133755e-001
      vertex  -4.684299e-001 -7.579354e-001 -4.539905e-001
    endloop
  endfacet
  facet normal -7.084426e-001 -4.465168e-001 -5.465637e-001
    outer loop
      vertex  -7.579354e-001 -4.539905e-001 -4.684299e-001
      vertex  -7.071068e-001 -3.717481e-001 -6.015009e-001
      vertex  -6.465778e-001 -5.133755e-001 -5.642542e-001
    endloop
  endfacet
  facet normal -4.465168e-001 -5.465637e-001 -7.084426e-001
    outer loop
      vertex  -5.133755e-001 -5.642542e-001 -6.465778e-001
      vertex  -4.539905e-001 -4.684299e-001 -7.579354e-001
      vertex  -3.717481e-001 -6.015009e-001 -7.071068e-001
    endloop
  endfacet
  facet normal 8.207028e-002 9.017046e-001 -4.244918e-001
    outer loop
      vertex  0.000000e+000 9.150434e-001 -4.033554e-001
      vertex  1.316554e-001 9.243046e-001 -3.582288e-001
      vertex  1.312004e-001 8.649293e-001 -4.844416e-001
    endloop
  endfacet
  facet normal 8.410285e-002 9.847537e-001 -1.522727e-001
    outer loop
      vertex  0.000000e+000 9.904389e-001 -1.379522e-001
      vertex  1.330711e-001 9.876884e-001 -8.224247e-002
      vertex  1.327925e-001 9.663926e-001 -2.201170e-001
    endloop
  endfacet
  facet normal 3.431965e-001 8.857887e-001 -3.124011e-001
    outer loop
      vertex  2.640828e-001 9.162441e-001 -3.012589e-001
      vertex  3.861874e-001 8.910065e-001 -2.386769e-001
      vertex  3.836137e-001 8.439115e-001 -3.750386e-001
    endloop
  endfacet
  facet normal 8.410285e-002 9.847537e-001 1.522727e-001
    outer loop
      vertex  0.000000e+000 9.904389e-001 1.379522e-001
      vertex  1.327925e-001 9.663926e-001 2.201170e-001
      vertex  1.330711e-001 9.876884e-001 8.224247e-002
    endloop
  endfacet
  facet normal 8.207028e-002 9.017046e-001 4.244918e-001
    outer loop
      vertex  0.000000e+000 9.150434e-001 4.033554e-001
      vertex  1.312004e-001 8.649293e-001 4.844416e-001
      vertex  1.316554e-001 9.243046e-001 3.582288e-001
    endloop
  endfacet
  facet normal 3.431965e-001 8.857887e-001 3.124011e-001
    outer loop
      vertex  2.640828e-001 9.162441e-001 3.012589e-001
      vertex  3.836137e-001 8.439115e-001 3.750386e-001
      vertex  3.861874e-001 8.910065e-001 2.386769e-001
    endloop
  endfacet
  facet normal 5.895788e-001 7.916790e-001 -1.601285e-001
    outer loop
      vertex  5.192585e-001 8.401779e-001 -1.564345e-001
      vertex  6.202396e-001 7.802044e-001 -8.114186e-002
      vertex  6.068251e-001 7.586523e-001 -2.370863e-001
    endloop
  endfacet
  facet normal 5.895788e-001 7.916790e-001 1.601285e-001
    outer loop
      vertex  5.192585e-001 8.401779e-001 1.564345e-001
      vertex  6.068251e-001 7.586523e-001 2.370863e-001
      vertex  6.202396e-001 7.802044e-001 8.114186e-002
    endloop
  endfacet
  facet normal 7.689121e-001 6.393545e-001 0.000000e+000
    outer loop
      vertex  7.112817e-001 7.029070e-001 0.000000e+000
      vertex  7.838430e-001 6.156420e-001 8.108630e-002
